{
 "cells": [
  {
   "cell_type": "markdown",
   "metadata": {},
   "source": [
    "<h2>Dimension Reduction</h2>\n",
    "A high-dimensional dataset is a dataset that has a great number of columns \n",
    "(or variables). Such a dataset presents many mathematical or computational challenges.\n",
    "\n",
    "The good news is that if variables are correlated — We can transform the variables to a new set of variables without losing much information. this is called dimension reduction.\n",
    "\n",
    "Principal Component Analysis (PCA) is probably the most popular technique for the dimension reduction. "
   ]
  },
  {
   "cell_type": "code",
   "execution_count": 1,
   "metadata": {},
   "outputs": [],
   "source": [
    "import pandas as pd\n",
    "import numpy as np \n",
    "from sklearn import linear_model\n",
    "from matplotlib import pyplot as plt\n",
    "from sklearn.ensemble import RandomForestClassifier\n",
    "from sklearn.model_selection import train_test_split\n",
    "from sklearn.decomposition import PCA,TruncatedSVD"
   ]
  },
  {
   "cell_type": "markdown",
   "metadata": {},
   "source": []
  },
  {
   "cell_type": "code",
   "execution_count": 2,
   "metadata": {},
   "outputs": [],
   "source": [
    "from sklearn.datasets import load_boston\n",
    "boston = load_boston()\n",
    "df_x = pd.DataFrame(boston.data, columns=boston.feature_names)\n",
    "df_y = pd.DataFrame(boston.target)"
   ]
  },
  {
   "cell_type": "code",
   "execution_count": 3,
   "metadata": {},
   "outputs": [
    {
     "data": {
      "text/html": [
       "<div>\n",
       "<style scoped>\n",
       "    .dataframe tbody tr th:only-of-type {\n",
       "        vertical-align: middle;\n",
       "    }\n",
       "\n",
       "    .dataframe tbody tr th {\n",
       "        vertical-align: top;\n",
       "    }\n",
       "\n",
       "    .dataframe thead th {\n",
       "        text-align: right;\n",
       "    }\n",
       "</style>\n",
       "<table border=\"1\" class=\"dataframe\">\n",
       "  <thead>\n",
       "    <tr style=\"text-align: right;\">\n",
       "      <th></th>\n",
       "      <th>CRIM</th>\n",
       "      <th>ZN</th>\n",
       "      <th>INDUS</th>\n",
       "      <th>CHAS</th>\n",
       "      <th>NOX</th>\n",
       "      <th>RM</th>\n",
       "      <th>AGE</th>\n",
       "      <th>DIS</th>\n",
       "      <th>RAD</th>\n",
       "      <th>TAX</th>\n",
       "      <th>PTRATIO</th>\n",
       "      <th>B</th>\n",
       "      <th>LSTAT</th>\n",
       "    </tr>\n",
       "  </thead>\n",
       "  <tbody>\n",
       "    <tr>\n",
       "      <th>0</th>\n",
       "      <td>0.00632</td>\n",
       "      <td>18.0</td>\n",
       "      <td>2.31</td>\n",
       "      <td>0.0</td>\n",
       "      <td>0.538</td>\n",
       "      <td>6.575</td>\n",
       "      <td>65.2</td>\n",
       "      <td>4.0900</td>\n",
       "      <td>1.0</td>\n",
       "      <td>296.0</td>\n",
       "      <td>15.3</td>\n",
       "      <td>396.90</td>\n",
       "      <td>4.98</td>\n",
       "    </tr>\n",
       "    <tr>\n",
       "      <th>1</th>\n",
       "      <td>0.02731</td>\n",
       "      <td>0.0</td>\n",
       "      <td>7.07</td>\n",
       "      <td>0.0</td>\n",
       "      <td>0.469</td>\n",
       "      <td>6.421</td>\n",
       "      <td>78.9</td>\n",
       "      <td>4.9671</td>\n",
       "      <td>2.0</td>\n",
       "      <td>242.0</td>\n",
       "      <td>17.8</td>\n",
       "      <td>396.90</td>\n",
       "      <td>9.14</td>\n",
       "    </tr>\n",
       "    <tr>\n",
       "      <th>2</th>\n",
       "      <td>0.02729</td>\n",
       "      <td>0.0</td>\n",
       "      <td>7.07</td>\n",
       "      <td>0.0</td>\n",
       "      <td>0.469</td>\n",
       "      <td>7.185</td>\n",
       "      <td>61.1</td>\n",
       "      <td>4.9671</td>\n",
       "      <td>2.0</td>\n",
       "      <td>242.0</td>\n",
       "      <td>17.8</td>\n",
       "      <td>392.83</td>\n",
       "      <td>4.03</td>\n",
       "    </tr>\n",
       "    <tr>\n",
       "      <th>3</th>\n",
       "      <td>0.03237</td>\n",
       "      <td>0.0</td>\n",
       "      <td>2.18</td>\n",
       "      <td>0.0</td>\n",
       "      <td>0.458</td>\n",
       "      <td>6.998</td>\n",
       "      <td>45.8</td>\n",
       "      <td>6.0622</td>\n",
       "      <td>3.0</td>\n",
       "      <td>222.0</td>\n",
       "      <td>18.7</td>\n",
       "      <td>394.63</td>\n",
       "      <td>2.94</td>\n",
       "    </tr>\n",
       "    <tr>\n",
       "      <th>4</th>\n",
       "      <td>0.06905</td>\n",
       "      <td>0.0</td>\n",
       "      <td>2.18</td>\n",
       "      <td>0.0</td>\n",
       "      <td>0.458</td>\n",
       "      <td>7.147</td>\n",
       "      <td>54.2</td>\n",
       "      <td>6.0622</td>\n",
       "      <td>3.0</td>\n",
       "      <td>222.0</td>\n",
       "      <td>18.7</td>\n",
       "      <td>396.90</td>\n",
       "      <td>5.33</td>\n",
       "    </tr>\n",
       "  </tbody>\n",
       "</table>\n",
       "</div>"
      ],
      "text/plain": [
       "      CRIM    ZN  INDUS  CHAS    NOX     RM   AGE     DIS  RAD    TAX  \\\n",
       "0  0.00632  18.0   2.31   0.0  0.538  6.575  65.2  4.0900  1.0  296.0   \n",
       "1  0.02731   0.0   7.07   0.0  0.469  6.421  78.9  4.9671  2.0  242.0   \n",
       "2  0.02729   0.0   7.07   0.0  0.469  7.185  61.1  4.9671  2.0  242.0   \n",
       "3  0.03237   0.0   2.18   0.0  0.458  6.998  45.8  6.0622  3.0  222.0   \n",
       "4  0.06905   0.0   2.18   0.0  0.458  7.147  54.2  6.0622  3.0  222.0   \n",
       "\n",
       "   PTRATIO       B  LSTAT  \n",
       "0     15.3  396.90   4.98  \n",
       "1     17.8  396.90   9.14  \n",
       "2     17.8  392.83   4.03  \n",
       "3     18.7  394.63   2.94  \n",
       "4     18.7  396.90   5.33  "
      ]
     },
     "execution_count": 3,
     "metadata": {},
     "output_type": "execute_result"
    }
   ],
   "source": [
    "# df_x.head()"
   ]
  },
  {
   "cell_type": "code",
   "execution_count": 4,
   "metadata": {},
   "outputs": [
    {
     "data": {
      "text/html": [
       "<div>\n",
       "<style scoped>\n",
       "    .dataframe tbody tr th:only-of-type {\n",
       "        vertical-align: middle;\n",
       "    }\n",
       "\n",
       "    .dataframe tbody tr th {\n",
       "        vertical-align: top;\n",
       "    }\n",
       "\n",
       "    .dataframe thead th {\n",
       "        text-align: right;\n",
       "    }\n",
       "</style>\n",
       "<table border=\"1\" class=\"dataframe\">\n",
       "  <thead>\n",
       "    <tr style=\"text-align: right;\">\n",
       "      <th></th>\n",
       "      <th>0</th>\n",
       "    </tr>\n",
       "  </thead>\n",
       "  <tbody>\n",
       "    <tr>\n",
       "      <th>0</th>\n",
       "      <td>24.0</td>\n",
       "    </tr>\n",
       "    <tr>\n",
       "      <th>1</th>\n",
       "      <td>21.6</td>\n",
       "    </tr>\n",
       "    <tr>\n",
       "      <th>2</th>\n",
       "      <td>34.7</td>\n",
       "    </tr>\n",
       "    <tr>\n",
       "      <th>3</th>\n",
       "      <td>33.4</td>\n",
       "    </tr>\n",
       "    <tr>\n",
       "      <th>4</th>\n",
       "      <td>36.2</td>\n",
       "    </tr>\n",
       "  </tbody>\n",
       "</table>\n",
       "</div>"
      ],
      "text/plain": [
       "      0\n",
       "0  24.0\n",
       "1  21.6\n",
       "2  34.7\n",
       "3  33.4\n",
       "4  36.2"
      ]
     },
     "execution_count": 4,
     "metadata": {},
     "output_type": "execute_result"
    }
   ],
   "source": [
    "df_y.head()"
   ]
  },
  {
   "cell_type": "code",
   "execution_count": 5,
   "metadata": {},
   "outputs": [
    {
     "data": {
      "text/plain": [
       "LinearRegression(copy_X=True, fit_intercept=True, n_jobs=None, normalize=False)"
      ]
     },
     "execution_count": 5,
     "metadata": {},
     "output_type": "execute_result"
    }
   ],
   "source": [
    "reg = linear_model.LinearRegression()\n",
    "x_train, x_test, y_train, y_test = train_test_split(df_x,df_y,test_size=0.2, random_state=4)\n",
    "reg.fit(x_train,y_train)"
   ]
  },
  {
   "cell_type": "code",
   "execution_count": 6,
   "metadata": {},
   "outputs": [
    {
     "data": {
      "text/plain": [
       "0.7263451459702523"
      ]
     },
     "execution_count": 6,
     "metadata": {},
     "output_type": "execute_result"
    }
   ],
   "source": [
    "reg.score(x_test,y_test)"
   ]
  },
  {
   "cell_type": "code",
   "execution_count": null,
   "metadata": {},
   "outputs": [],
   "source": []
  },
  {
   "cell_type": "code",
   "execution_count": 18,
   "metadata": {},
   "outputs": [],
   "source": [
    "pca = PCA(n_components=11, whiten='True')\n",
    "x = pca.fit(df_x).transform(df_x)"
   ]
  },
  {
   "cell_type": "code",
   "execution_count": 19,
   "metadata": {},
   "outputs": [],
   "source": [
    "# pca.explained_variance_\n"
   ]
  },
  {
   "cell_type": "code",
   "execution_count": 20,
   "metadata": {},
   "outputs": [
    {
     "data": {
      "text/plain": [
       "LinearRegression(copy_X=True, fit_intercept=True, n_jobs=None, normalize=False)"
      ]
     },
     "execution_count": 20,
     "metadata": {},
     "output_type": "execute_result"
    }
   ],
   "source": [
    "reg1 = linear_model.LinearRegression()\n",
    "x_train, x_test, y_train, y_test = train_test_split(x,df_y,test_size=0.2, random_state=4)\n",
    "reg1.fit(x_train,y_train)"
   ]
  },
  {
   "cell_type": "code",
   "execution_count": 21,
   "metadata": {},
   "outputs": [
    {
     "data": {
      "text/plain": [
       "0.7124532415179319"
      ]
     },
     "execution_count": 21,
     "metadata": {},
     "output_type": "execute_result"
    }
   ],
   "source": [
    "reg1.score(x_test,y_test)"
   ]
  },
  {
   "cell_type": "code",
   "execution_count": 12,
   "metadata": {},
   "outputs": [
    {
     "data": {
      "text/plain": [
       "LinearRegression(copy_X=True, fit_intercept=True, n_jobs=None, normalize=False)"
      ]
     },
     "execution_count": 12,
     "metadata": {},
     "output_type": "execute_result"
    }
   ],
   "source": [
    "svd = TruncatedSVD(n_components = 10)\n",
    "x = svd.fit(df_x).transform(df_x)\n",
    "reg = linear_model.LinearRegression()\n",
    "x_train, x_test, y_train, y_test = train_test_split(x,df_y,test_size=0.2, random_state=4)\n",
    "reg.fit(x_train,y_train)"
   ]
  },
  {
   "cell_type": "code",
   "execution_count": 13,
   "metadata": {},
   "outputs": [
    {
     "data": {
      "text/plain": [
       "0.6822252753655192"
      ]
     },
     "execution_count": 13,
     "metadata": {},
     "output_type": "execute_result"
    }
   ],
   "source": [
    "reg.score(x_test,y_test)"
   ]
  },
  {
   "cell_type": "code",
   "execution_count": 14,
   "metadata": {},
   "outputs": [
    {
     "data": {
      "text/html": [
       "<div>\n",
       "<style scoped>\n",
       "    .dataframe tbody tr th:only-of-type {\n",
       "        vertical-align: middle;\n",
       "    }\n",
       "\n",
       "    .dataframe tbody tr th {\n",
       "        vertical-align: top;\n",
       "    }\n",
       "\n",
       "    .dataframe thead th {\n",
       "        text-align: right;\n",
       "    }\n",
       "</style>\n",
       "<table border=\"1\" class=\"dataframe\">\n",
       "  <thead>\n",
       "    <tr style=\"text-align: right;\">\n",
       "      <th></th>\n",
       "      <th>CRIM</th>\n",
       "      <th>ZN</th>\n",
       "      <th>INDUS</th>\n",
       "      <th>CHAS</th>\n",
       "      <th>NOX</th>\n",
       "      <th>RM</th>\n",
       "      <th>AGE</th>\n",
       "      <th>DIS</th>\n",
       "      <th>RAD</th>\n",
       "      <th>TAX</th>\n",
       "      <th>PTRATIO</th>\n",
       "      <th>B</th>\n",
       "      <th>LSTAT</th>\n",
       "    </tr>\n",
       "  </thead>\n",
       "  <tbody>\n",
       "    <tr>\n",
       "      <th>CRIM</th>\n",
       "      <td>1.000000</td>\n",
       "      <td>-0.200469</td>\n",
       "      <td>0.406583</td>\n",
       "      <td>-0.055892</td>\n",
       "      <td>0.420972</td>\n",
       "      <td>-0.219247</td>\n",
       "      <td>0.352734</td>\n",
       "      <td>-0.379670</td>\n",
       "      <td>0.625505</td>\n",
       "      <td>0.582764</td>\n",
       "      <td>0.289946</td>\n",
       "      <td>-0.385064</td>\n",
       "      <td>0.455621</td>\n",
       "    </tr>\n",
       "    <tr>\n",
       "      <th>ZN</th>\n",
       "      <td>-0.200469</td>\n",
       "      <td>1.000000</td>\n",
       "      <td>-0.533828</td>\n",
       "      <td>-0.042697</td>\n",
       "      <td>-0.516604</td>\n",
       "      <td>0.311991</td>\n",
       "      <td>-0.569537</td>\n",
       "      <td>0.664408</td>\n",
       "      <td>-0.311948</td>\n",
       "      <td>-0.314563</td>\n",
       "      <td>-0.391679</td>\n",
       "      <td>0.175520</td>\n",
       "      <td>-0.412995</td>\n",
       "    </tr>\n",
       "    <tr>\n",
       "      <th>INDUS</th>\n",
       "      <td>0.406583</td>\n",
       "      <td>-0.533828</td>\n",
       "      <td>1.000000</td>\n",
       "      <td>0.062938</td>\n",
       "      <td>0.763651</td>\n",
       "      <td>-0.391676</td>\n",
       "      <td>0.644779</td>\n",
       "      <td>-0.708027</td>\n",
       "      <td>0.595129</td>\n",
       "      <td>0.720760</td>\n",
       "      <td>0.383248</td>\n",
       "      <td>-0.356977</td>\n",
       "      <td>0.603800</td>\n",
       "    </tr>\n",
       "    <tr>\n",
       "      <th>CHAS</th>\n",
       "      <td>-0.055892</td>\n",
       "      <td>-0.042697</td>\n",
       "      <td>0.062938</td>\n",
       "      <td>1.000000</td>\n",
       "      <td>0.091203</td>\n",
       "      <td>0.091251</td>\n",
       "      <td>0.086518</td>\n",
       "      <td>-0.099176</td>\n",
       "      <td>-0.007368</td>\n",
       "      <td>-0.035587</td>\n",
       "      <td>-0.121515</td>\n",
       "      <td>0.048788</td>\n",
       "      <td>-0.053929</td>\n",
       "    </tr>\n",
       "    <tr>\n",
       "      <th>NOX</th>\n",
       "      <td>0.420972</td>\n",
       "      <td>-0.516604</td>\n",
       "      <td>0.763651</td>\n",
       "      <td>0.091203</td>\n",
       "      <td>1.000000</td>\n",
       "      <td>-0.302188</td>\n",
       "      <td>0.731470</td>\n",
       "      <td>-0.769230</td>\n",
       "      <td>0.611441</td>\n",
       "      <td>0.668023</td>\n",
       "      <td>0.188933</td>\n",
       "      <td>-0.380051</td>\n",
       "      <td>0.590879</td>\n",
       "    </tr>\n",
       "    <tr>\n",
       "      <th>RM</th>\n",
       "      <td>-0.219247</td>\n",
       "      <td>0.311991</td>\n",
       "      <td>-0.391676</td>\n",
       "      <td>0.091251</td>\n",
       "      <td>-0.302188</td>\n",
       "      <td>1.000000</td>\n",
       "      <td>-0.240265</td>\n",
       "      <td>0.205246</td>\n",
       "      <td>-0.209847</td>\n",
       "      <td>-0.292048</td>\n",
       "      <td>-0.355501</td>\n",
       "      <td>0.128069</td>\n",
       "      <td>-0.613808</td>\n",
       "    </tr>\n",
       "    <tr>\n",
       "      <th>AGE</th>\n",
       "      <td>0.352734</td>\n",
       "      <td>-0.569537</td>\n",
       "      <td>0.644779</td>\n",
       "      <td>0.086518</td>\n",
       "      <td>0.731470</td>\n",
       "      <td>-0.240265</td>\n",
       "      <td>1.000000</td>\n",
       "      <td>-0.747881</td>\n",
       "      <td>0.456022</td>\n",
       "      <td>0.506456</td>\n",
       "      <td>0.261515</td>\n",
       "      <td>-0.273534</td>\n",
       "      <td>0.602339</td>\n",
       "    </tr>\n",
       "    <tr>\n",
       "      <th>DIS</th>\n",
       "      <td>-0.379670</td>\n",
       "      <td>0.664408</td>\n",
       "      <td>-0.708027</td>\n",
       "      <td>-0.099176</td>\n",
       "      <td>-0.769230</td>\n",
       "      <td>0.205246</td>\n",
       "      <td>-0.747881</td>\n",
       "      <td>1.000000</td>\n",
       "      <td>-0.494588</td>\n",
       "      <td>-0.534432</td>\n",
       "      <td>-0.232471</td>\n",
       "      <td>0.291512</td>\n",
       "      <td>-0.496996</td>\n",
       "    </tr>\n",
       "    <tr>\n",
       "      <th>RAD</th>\n",
       "      <td>0.625505</td>\n",
       "      <td>-0.311948</td>\n",
       "      <td>0.595129</td>\n",
       "      <td>-0.007368</td>\n",
       "      <td>0.611441</td>\n",
       "      <td>-0.209847</td>\n",
       "      <td>0.456022</td>\n",
       "      <td>-0.494588</td>\n",
       "      <td>1.000000</td>\n",
       "      <td>0.910228</td>\n",
       "      <td>0.464741</td>\n",
       "      <td>-0.444413</td>\n",
       "      <td>0.488676</td>\n",
       "    </tr>\n",
       "    <tr>\n",
       "      <th>TAX</th>\n",
       "      <td>0.582764</td>\n",
       "      <td>-0.314563</td>\n",
       "      <td>0.720760</td>\n",
       "      <td>-0.035587</td>\n",
       "      <td>0.668023</td>\n",
       "      <td>-0.292048</td>\n",
       "      <td>0.506456</td>\n",
       "      <td>-0.534432</td>\n",
       "      <td>0.910228</td>\n",
       "      <td>1.000000</td>\n",
       "      <td>0.460853</td>\n",
       "      <td>-0.441808</td>\n",
       "      <td>0.543993</td>\n",
       "    </tr>\n",
       "    <tr>\n",
       "      <th>PTRATIO</th>\n",
       "      <td>0.289946</td>\n",
       "      <td>-0.391679</td>\n",
       "      <td>0.383248</td>\n",
       "      <td>-0.121515</td>\n",
       "      <td>0.188933</td>\n",
       "      <td>-0.355501</td>\n",
       "      <td>0.261515</td>\n",
       "      <td>-0.232471</td>\n",
       "      <td>0.464741</td>\n",
       "      <td>0.460853</td>\n",
       "      <td>1.000000</td>\n",
       "      <td>-0.177383</td>\n",
       "      <td>0.374044</td>\n",
       "    </tr>\n",
       "    <tr>\n",
       "      <th>B</th>\n",
       "      <td>-0.385064</td>\n",
       "      <td>0.175520</td>\n",
       "      <td>-0.356977</td>\n",
       "      <td>0.048788</td>\n",
       "      <td>-0.380051</td>\n",
       "      <td>0.128069</td>\n",
       "      <td>-0.273534</td>\n",
       "      <td>0.291512</td>\n",
       "      <td>-0.444413</td>\n",
       "      <td>-0.441808</td>\n",
       "      <td>-0.177383</td>\n",
       "      <td>1.000000</td>\n",
       "      <td>-0.366087</td>\n",
       "    </tr>\n",
       "    <tr>\n",
       "      <th>LSTAT</th>\n",
       "      <td>0.455621</td>\n",
       "      <td>-0.412995</td>\n",
       "      <td>0.603800</td>\n",
       "      <td>-0.053929</td>\n",
       "      <td>0.590879</td>\n",
       "      <td>-0.613808</td>\n",
       "      <td>0.602339</td>\n",
       "      <td>-0.496996</td>\n",
       "      <td>0.488676</td>\n",
       "      <td>0.543993</td>\n",
       "      <td>0.374044</td>\n",
       "      <td>-0.366087</td>\n",
       "      <td>1.000000</td>\n",
       "    </tr>\n",
       "  </tbody>\n",
       "</table>\n",
       "</div>"
      ],
      "text/plain": [
       "             CRIM        ZN     INDUS      CHAS       NOX        RM       AGE  \\\n",
       "CRIM     1.000000 -0.200469  0.406583 -0.055892  0.420972 -0.219247  0.352734   \n",
       "ZN      -0.200469  1.000000 -0.533828 -0.042697 -0.516604  0.311991 -0.569537   \n",
       "INDUS    0.406583 -0.533828  1.000000  0.062938  0.763651 -0.391676  0.644779   \n",
       "CHAS    -0.055892 -0.042697  0.062938  1.000000  0.091203  0.091251  0.086518   \n",
       "NOX      0.420972 -0.516604  0.763651  0.091203  1.000000 -0.302188  0.731470   \n",
       "RM      -0.219247  0.311991 -0.391676  0.091251 -0.302188  1.000000 -0.240265   \n",
       "AGE      0.352734 -0.569537  0.644779  0.086518  0.731470 -0.240265  1.000000   \n",
       "DIS     -0.379670  0.664408 -0.708027 -0.099176 -0.769230  0.205246 -0.747881   \n",
       "RAD      0.625505 -0.311948  0.595129 -0.007368  0.611441 -0.209847  0.456022   \n",
       "TAX      0.582764 -0.314563  0.720760 -0.035587  0.668023 -0.292048  0.506456   \n",
       "PTRATIO  0.289946 -0.391679  0.383248 -0.121515  0.188933 -0.355501  0.261515   \n",
       "B       -0.385064  0.175520 -0.356977  0.048788 -0.380051  0.128069 -0.273534   \n",
       "LSTAT    0.455621 -0.412995  0.603800 -0.053929  0.590879 -0.613808  0.602339   \n",
       "\n",
       "              DIS       RAD       TAX   PTRATIO         B     LSTAT  \n",
       "CRIM    -0.379670  0.625505  0.582764  0.289946 -0.385064  0.455621  \n",
       "ZN       0.664408 -0.311948 -0.314563 -0.391679  0.175520 -0.412995  \n",
       "INDUS   -0.708027  0.595129  0.720760  0.383248 -0.356977  0.603800  \n",
       "CHAS    -0.099176 -0.007368 -0.035587 -0.121515  0.048788 -0.053929  \n",
       "NOX     -0.769230  0.611441  0.668023  0.188933 -0.380051  0.590879  \n",
       "RM       0.205246 -0.209847 -0.292048 -0.355501  0.128069 -0.613808  \n",
       "AGE     -0.747881  0.456022  0.506456  0.261515 -0.273534  0.602339  \n",
       "DIS      1.000000 -0.494588 -0.534432 -0.232471  0.291512 -0.496996  \n",
       "RAD     -0.494588  1.000000  0.910228  0.464741 -0.444413  0.488676  \n",
       "TAX     -0.534432  0.910228  1.000000  0.460853 -0.441808  0.543993  \n",
       "PTRATIO -0.232471  0.464741  0.460853  1.000000 -0.177383  0.374044  \n",
       "B        0.291512 -0.444413 -0.441808 -0.177383  1.000000 -0.366087  \n",
       "LSTAT   -0.496996  0.488676  0.543993  0.374044 -0.366087  1.000000  "
      ]
     },
     "execution_count": 14,
     "metadata": {},
     "output_type": "execute_result"
    }
   ],
   "source": [
    "df_x.corr()"
   ]
  },
  {
   "cell_type": "code",
   "execution_count": null,
   "metadata": {},
   "outputs": [],
   "source": [
    "\n"
   ]
  },
  {
   "cell_type": "code",
   "execution_count": 22,
   "metadata": {},
   "outputs": [],
   "source": [
    "from sklearn.datasets import load_wine\n",
    "data = load_wine()"
   ]
  },
  {
   "cell_type": "code",
   "execution_count": 26,
   "metadata": {},
   "outputs": [],
   "source": [
    "dataf_x = pd.DataFrame(data.data, columns=data.feature_names)\n",
    "dataf_y = pd.DataFrame(data.target)"
   ]
  },
  {
   "cell_type": "code",
   "execution_count": 28,
   "metadata": {},
   "outputs": [
    {
     "data": {
      "text/html": [
       "<div>\n",
       "<style scoped>\n",
       "    .dataframe tbody tr th:only-of-type {\n",
       "        vertical-align: middle;\n",
       "    }\n",
       "\n",
       "    .dataframe tbody tr th {\n",
       "        vertical-align: top;\n",
       "    }\n",
       "\n",
       "    .dataframe thead th {\n",
       "        text-align: right;\n",
       "    }\n",
       "</style>\n",
       "<table border=\"1\" class=\"dataframe\">\n",
       "  <thead>\n",
       "    <tr style=\"text-align: right;\">\n",
       "      <th></th>\n",
       "      <th>alcohol</th>\n",
       "      <th>malic_acid</th>\n",
       "      <th>ash</th>\n",
       "      <th>alcalinity_of_ash</th>\n",
       "      <th>magnesium</th>\n",
       "      <th>total_phenols</th>\n",
       "      <th>flavanoids</th>\n",
       "      <th>nonflavanoid_phenols</th>\n",
       "      <th>proanthocyanins</th>\n",
       "      <th>color_intensity</th>\n",
       "      <th>hue</th>\n",
       "      <th>od280/od315_of_diluted_wines</th>\n",
       "      <th>proline</th>\n",
       "    </tr>\n",
       "  </thead>\n",
       "  <tbody>\n",
       "    <tr>\n",
       "      <th>alcohol</th>\n",
       "      <td>1.000000</td>\n",
       "      <td>0.094397</td>\n",
       "      <td>0.211545</td>\n",
       "      <td>-0.310235</td>\n",
       "      <td>0.270798</td>\n",
       "      <td>0.289101</td>\n",
       "      <td>0.236815</td>\n",
       "      <td>-0.155929</td>\n",
       "      <td>0.136698</td>\n",
       "      <td>0.546364</td>\n",
       "      <td>-0.071747</td>\n",
       "      <td>0.072343</td>\n",
       "      <td>0.643720</td>\n",
       "    </tr>\n",
       "    <tr>\n",
       "      <th>malic_acid</th>\n",
       "      <td>0.094397</td>\n",
       "      <td>1.000000</td>\n",
       "      <td>0.164045</td>\n",
       "      <td>0.288500</td>\n",
       "      <td>-0.054575</td>\n",
       "      <td>-0.335167</td>\n",
       "      <td>-0.411007</td>\n",
       "      <td>0.292977</td>\n",
       "      <td>-0.220746</td>\n",
       "      <td>0.248985</td>\n",
       "      <td>-0.561296</td>\n",
       "      <td>-0.368710</td>\n",
       "      <td>-0.192011</td>\n",
       "    </tr>\n",
       "    <tr>\n",
       "      <th>ash</th>\n",
       "      <td>0.211545</td>\n",
       "      <td>0.164045</td>\n",
       "      <td>1.000000</td>\n",
       "      <td>0.443367</td>\n",
       "      <td>0.286587</td>\n",
       "      <td>0.128980</td>\n",
       "      <td>0.115077</td>\n",
       "      <td>0.186230</td>\n",
       "      <td>0.009652</td>\n",
       "      <td>0.258887</td>\n",
       "      <td>-0.074667</td>\n",
       "      <td>0.003911</td>\n",
       "      <td>0.223626</td>\n",
       "    </tr>\n",
       "    <tr>\n",
       "      <th>alcalinity_of_ash</th>\n",
       "      <td>-0.310235</td>\n",
       "      <td>0.288500</td>\n",
       "      <td>0.443367</td>\n",
       "      <td>1.000000</td>\n",
       "      <td>-0.083333</td>\n",
       "      <td>-0.321113</td>\n",
       "      <td>-0.351370</td>\n",
       "      <td>0.361922</td>\n",
       "      <td>-0.197327</td>\n",
       "      <td>0.018732</td>\n",
       "      <td>-0.273955</td>\n",
       "      <td>-0.276769</td>\n",
       "      <td>-0.440597</td>\n",
       "    </tr>\n",
       "    <tr>\n",
       "      <th>magnesium</th>\n",
       "      <td>0.270798</td>\n",
       "      <td>-0.054575</td>\n",
       "      <td>0.286587</td>\n",
       "      <td>-0.083333</td>\n",
       "      <td>1.000000</td>\n",
       "      <td>0.214401</td>\n",
       "      <td>0.195784</td>\n",
       "      <td>-0.256294</td>\n",
       "      <td>0.236441</td>\n",
       "      <td>0.199950</td>\n",
       "      <td>0.055398</td>\n",
       "      <td>0.066004</td>\n",
       "      <td>0.393351</td>\n",
       "    </tr>\n",
       "    <tr>\n",
       "      <th>total_phenols</th>\n",
       "      <td>0.289101</td>\n",
       "      <td>-0.335167</td>\n",
       "      <td>0.128980</td>\n",
       "      <td>-0.321113</td>\n",
       "      <td>0.214401</td>\n",
       "      <td>1.000000</td>\n",
       "      <td>0.864564</td>\n",
       "      <td>-0.449935</td>\n",
       "      <td>0.612413</td>\n",
       "      <td>-0.055136</td>\n",
       "      <td>0.433681</td>\n",
       "      <td>0.699949</td>\n",
       "      <td>0.498115</td>\n",
       "    </tr>\n",
       "    <tr>\n",
       "      <th>flavanoids</th>\n",
       "      <td>0.236815</td>\n",
       "      <td>-0.411007</td>\n",
       "      <td>0.115077</td>\n",
       "      <td>-0.351370</td>\n",
       "      <td>0.195784</td>\n",
       "      <td>0.864564</td>\n",
       "      <td>1.000000</td>\n",
       "      <td>-0.537900</td>\n",
       "      <td>0.652692</td>\n",
       "      <td>-0.172379</td>\n",
       "      <td>0.543479</td>\n",
       "      <td>0.787194</td>\n",
       "      <td>0.494193</td>\n",
       "    </tr>\n",
       "    <tr>\n",
       "      <th>nonflavanoid_phenols</th>\n",
       "      <td>-0.155929</td>\n",
       "      <td>0.292977</td>\n",
       "      <td>0.186230</td>\n",
       "      <td>0.361922</td>\n",
       "      <td>-0.256294</td>\n",
       "      <td>-0.449935</td>\n",
       "      <td>-0.537900</td>\n",
       "      <td>1.000000</td>\n",
       "      <td>-0.365845</td>\n",
       "      <td>0.139057</td>\n",
       "      <td>-0.262640</td>\n",
       "      <td>-0.503270</td>\n",
       "      <td>-0.311385</td>\n",
       "    </tr>\n",
       "    <tr>\n",
       "      <th>proanthocyanins</th>\n",
       "      <td>0.136698</td>\n",
       "      <td>-0.220746</td>\n",
       "      <td>0.009652</td>\n",
       "      <td>-0.197327</td>\n",
       "      <td>0.236441</td>\n",
       "      <td>0.612413</td>\n",
       "      <td>0.652692</td>\n",
       "      <td>-0.365845</td>\n",
       "      <td>1.000000</td>\n",
       "      <td>-0.025250</td>\n",
       "      <td>0.295544</td>\n",
       "      <td>0.519067</td>\n",
       "      <td>0.330417</td>\n",
       "    </tr>\n",
       "    <tr>\n",
       "      <th>color_intensity</th>\n",
       "      <td>0.546364</td>\n",
       "      <td>0.248985</td>\n",
       "      <td>0.258887</td>\n",
       "      <td>0.018732</td>\n",
       "      <td>0.199950</td>\n",
       "      <td>-0.055136</td>\n",
       "      <td>-0.172379</td>\n",
       "      <td>0.139057</td>\n",
       "      <td>-0.025250</td>\n",
       "      <td>1.000000</td>\n",
       "      <td>-0.521813</td>\n",
       "      <td>-0.428815</td>\n",
       "      <td>0.316100</td>\n",
       "    </tr>\n",
       "    <tr>\n",
       "      <th>hue</th>\n",
       "      <td>-0.071747</td>\n",
       "      <td>-0.561296</td>\n",
       "      <td>-0.074667</td>\n",
       "      <td>-0.273955</td>\n",
       "      <td>0.055398</td>\n",
       "      <td>0.433681</td>\n",
       "      <td>0.543479</td>\n",
       "      <td>-0.262640</td>\n",
       "      <td>0.295544</td>\n",
       "      <td>-0.521813</td>\n",
       "      <td>1.000000</td>\n",
       "      <td>0.565468</td>\n",
       "      <td>0.236183</td>\n",
       "    </tr>\n",
       "    <tr>\n",
       "      <th>od280/od315_of_diluted_wines</th>\n",
       "      <td>0.072343</td>\n",
       "      <td>-0.368710</td>\n",
       "      <td>0.003911</td>\n",
       "      <td>-0.276769</td>\n",
       "      <td>0.066004</td>\n",
       "      <td>0.699949</td>\n",
       "      <td>0.787194</td>\n",
       "      <td>-0.503270</td>\n",
       "      <td>0.519067</td>\n",
       "      <td>-0.428815</td>\n",
       "      <td>0.565468</td>\n",
       "      <td>1.000000</td>\n",
       "      <td>0.312761</td>\n",
       "    </tr>\n",
       "    <tr>\n",
       "      <th>proline</th>\n",
       "      <td>0.643720</td>\n",
       "      <td>-0.192011</td>\n",
       "      <td>0.223626</td>\n",
       "      <td>-0.440597</td>\n",
       "      <td>0.393351</td>\n",
       "      <td>0.498115</td>\n",
       "      <td>0.494193</td>\n",
       "      <td>-0.311385</td>\n",
       "      <td>0.330417</td>\n",
       "      <td>0.316100</td>\n",
       "      <td>0.236183</td>\n",
       "      <td>0.312761</td>\n",
       "      <td>1.000000</td>\n",
       "    </tr>\n",
       "  </tbody>\n",
       "</table>\n",
       "</div>"
      ],
      "text/plain": [
       "                               alcohol  malic_acid       ash  \\\n",
       "alcohol                       1.000000    0.094397  0.211545   \n",
       "malic_acid                    0.094397    1.000000  0.164045   \n",
       "ash                           0.211545    0.164045  1.000000   \n",
       "alcalinity_of_ash            -0.310235    0.288500  0.443367   \n",
       "magnesium                     0.270798   -0.054575  0.286587   \n",
       "total_phenols                 0.289101   -0.335167  0.128980   \n",
       "flavanoids                    0.236815   -0.411007  0.115077   \n",
       "nonflavanoid_phenols         -0.155929    0.292977  0.186230   \n",
       "proanthocyanins               0.136698   -0.220746  0.009652   \n",
       "color_intensity               0.546364    0.248985  0.258887   \n",
       "hue                          -0.071747   -0.561296 -0.074667   \n",
       "od280/od315_of_diluted_wines  0.072343   -0.368710  0.003911   \n",
       "proline                       0.643720   -0.192011  0.223626   \n",
       "\n",
       "                              alcalinity_of_ash  magnesium  total_phenols  \\\n",
       "alcohol                               -0.310235   0.270798       0.289101   \n",
       "malic_acid                             0.288500  -0.054575      -0.335167   \n",
       "ash                                    0.443367   0.286587       0.128980   \n",
       "alcalinity_of_ash                      1.000000  -0.083333      -0.321113   \n",
       "magnesium                             -0.083333   1.000000       0.214401   \n",
       "total_phenols                         -0.321113   0.214401       1.000000   \n",
       "flavanoids                            -0.351370   0.195784       0.864564   \n",
       "nonflavanoid_phenols                   0.361922  -0.256294      -0.449935   \n",
       "proanthocyanins                       -0.197327   0.236441       0.612413   \n",
       "color_intensity                        0.018732   0.199950      -0.055136   \n",
       "hue                                   -0.273955   0.055398       0.433681   \n",
       "od280/od315_of_diluted_wines          -0.276769   0.066004       0.699949   \n",
       "proline                               -0.440597   0.393351       0.498115   \n",
       "\n",
       "                              flavanoids  nonflavanoid_phenols  \\\n",
       "alcohol                         0.236815             -0.155929   \n",
       "malic_acid                     -0.411007              0.292977   \n",
       "ash                             0.115077              0.186230   \n",
       "alcalinity_of_ash              -0.351370              0.361922   \n",
       "magnesium                       0.195784             -0.256294   \n",
       "total_phenols                   0.864564             -0.449935   \n",
       "flavanoids                      1.000000             -0.537900   \n",
       "nonflavanoid_phenols           -0.537900              1.000000   \n",
       "proanthocyanins                 0.652692             -0.365845   \n",
       "color_intensity                -0.172379              0.139057   \n",
       "hue                             0.543479             -0.262640   \n",
       "od280/od315_of_diluted_wines    0.787194             -0.503270   \n",
       "proline                         0.494193             -0.311385   \n",
       "\n",
       "                              proanthocyanins  color_intensity       hue  \\\n",
       "alcohol                              0.136698         0.546364 -0.071747   \n",
       "malic_acid                          -0.220746         0.248985 -0.561296   \n",
       "ash                                  0.009652         0.258887 -0.074667   \n",
       "alcalinity_of_ash                   -0.197327         0.018732 -0.273955   \n",
       "magnesium                            0.236441         0.199950  0.055398   \n",
       "total_phenols                        0.612413        -0.055136  0.433681   \n",
       "flavanoids                           0.652692        -0.172379  0.543479   \n",
       "nonflavanoid_phenols                -0.365845         0.139057 -0.262640   \n",
       "proanthocyanins                      1.000000        -0.025250  0.295544   \n",
       "color_intensity                     -0.025250         1.000000 -0.521813   \n",
       "hue                                  0.295544        -0.521813  1.000000   \n",
       "od280/od315_of_diluted_wines         0.519067        -0.428815  0.565468   \n",
       "proline                              0.330417         0.316100  0.236183   \n",
       "\n",
       "                              od280/od315_of_diluted_wines   proline  \n",
       "alcohol                                           0.072343  0.643720  \n",
       "malic_acid                                       -0.368710 -0.192011  \n",
       "ash                                               0.003911  0.223626  \n",
       "alcalinity_of_ash                                -0.276769 -0.440597  \n",
       "magnesium                                         0.066004  0.393351  \n",
       "total_phenols                                     0.699949  0.498115  \n",
       "flavanoids                                        0.787194  0.494193  \n",
       "nonflavanoid_phenols                             -0.503270 -0.311385  \n",
       "proanthocyanins                                   0.519067  0.330417  \n",
       "color_intensity                                  -0.428815  0.316100  \n",
       "hue                                               0.565468  0.236183  \n",
       "od280/od315_of_diluted_wines                      1.000000  0.312761  \n",
       "proline                                           0.312761  1.000000  "
      ]
     },
     "execution_count": 28,
     "metadata": {},
     "output_type": "execute_result"
    }
   ],
   "source": [
    "\n",
    "dataf_x.corr()"
   ]
  },
  {
   "cell_type": "code",
   "execution_count": 25,
   "metadata": {},
   "outputs": [
    {
     "ename": "NameError",
     "evalue": "name 'dataset' is not defined",
     "output_type": "error",
     "traceback": [
      "\u001b[1;31m---------------------------------------------------------------------------\u001b[0m",
      "\u001b[1;31mNameError\u001b[0m                                 Traceback (most recent call last)",
      "\u001b[1;32m<ipython-input-25-15e6ae701a1a>\u001b[0m in \u001b[0;36m<module>\u001b[1;34m\u001b[0m\n\u001b[1;32m----> 1\u001b[1;33m \u001b[0mdataset\u001b[0m\u001b[1;33m.\u001b[0m\u001b[0mhead\u001b[0m\u001b[1;33m(\u001b[0m\u001b[1;36m10\u001b[0m\u001b[1;33m)\u001b[0m\u001b[1;33m\u001b[0m\u001b[1;33m\u001b[0m\u001b[0m\n\u001b[0m",
      "\u001b[1;31mNameError\u001b[0m: name 'dataset' is not defined"
     ]
    }
   ],
   "source": []
  },
  {
   "cell_type": "code",
   "execution_count": null,
   "metadata": {},
   "outputs": [],
   "source": [
    "X = dataset.iloc[:, 0:13]\n",
    "y = dataset.iloc[:, 13]"
   ]
  },
  {
   "cell_type": "code",
   "execution_count": null,
   "metadata": {},
   "outputs": [],
   "source": []
  }
 ],
 "metadata": {
  "kernelspec": {
   "display_name": "Python 3",
   "language": "python",
   "name": "python3"
  },
  "language_info": {
   "codemirror_mode": {
    "name": "ipython",
    "version": 3
   },
   "file_extension": ".py",
   "mimetype": "text/x-python",
   "name": "python",
   "nbconvert_exporter": "python",
   "pygments_lexer": "ipython3",
   "version": "3.7.3"
  }
 },
 "nbformat": 4,
 "nbformat_minor": 2
}
